0230T
22526
22810
22514
63016
63090
63688
64633
63197
0216T
0231T
63101
63173
63305
0228T
22808
22513
63275
22552
20937
22116
63076
0221T
22326
63300
63047
22856
63011
0218T
63285
22102
22226
22600
0163T
63272
63650
63088
63001
63086
63270
22818
64494
63301
22214
63055
63182
62282
64492
63050
22862
63078
22511
22865
22515
22861
22633
63308
M0076
64480
22325
22840
63045
63283
63655
64445
22110
22630
63685
63075
22212
22612
63056
22220
20931
63195
22844
63306
0222T
0275T
63081
64493
62310
63005
63282
63267
22843
63280
63040
22534
63252
22222
0219T
22804
63103
22206
22848
22210
22864
0215T
22556
22614
63286
22800
22512
64634
22101
22812
27096
63003
22510
0095T
22585
63102
22851
63199
63250
22207
63030
63035
22208
62281
63017
64635
0202T
22216
63663
62319
63303
22845
0217T
63087
22533
62264
G0260
63044
0220T
63271
63046
63661
63048
0172T
63064
63191
63307
22847
63662
63051
63190
63020
64491
22224
22527
63194
62287
63304
22327
0229T
63066
95970
22558
63057
63043
22802
0165T
22532
63265
63277
22819
22842
0196T
63042
0213T
95972
22590
63281
62311
62280
63287
0171T
63015
0195T
20974
22114
22857
22548
22634
62263
63295
20938
63198
22551
22103
22846
63170
63185
63251
64520
63273
22554
64483
63276
22595
64495
22100
63290
95971
63302
63082
63278
63664
63091
63266
64490
62318
63172
63196
64484
0164T
22328
63200
22112
63077
22632
22610
63268
0214T
64636
63012
64479
63180
20975
63085
