74176
74177
74178
74150
74160
74170
71250
71260
71270
G0297
73200
73201
73202
73700
73701
73702
70480
70481
70482
70486
70487
70488
70450
70460
70470
75571
75572
75573
70490
70491
70492
77078
74263
74261
74262
72192
72193
72194
72125
72126
72127
72128
72129
72130
72131
72132
72133
74174
74175
75635
71275
73206
73706
70496
75574
70498
72191
74185
71555
73225
73725
70544
70545
70546
70547
70548
70549
72198
72159
74181
74182
74183
77046
77047
77048
77049
71550
71551
71552
73218
73219
73220
73718
73719
73720
73721
73722
73723
73221
73222
73223
70551
70552
70553
70540
70542
70543
70336
70554
70555
75557
75559
75561
75563
77084
76390
72195
72196
72197
74712
72141
72142
72156
72146
72147
72157
72148
72149
72158
78608
78609
78429
78430
78431
78432
78433
78459
78491
78492
78811
78812
78813
78814
78815
78816
78451
78452
78453
78454
78466
78468
78469
78472
78473
78481
78483
78494
93350
93351
93303
93304
93306
93307
93308
93312
93313
93314
93315
93316
93317
93320
93321
93325
93352
0501T 
0502T 
0503T 
0504T 
93456
93457
93458
93459
93460
93461
93978
93979
93880
93882
93922
93923
93924
93925
93926
93930
93931
92920
92924
92928
92933
92937
92943
92921
92925
92929
92934
92938
92944
93454
93455
93567
A9508
78800
78802
77761
77316
77790 
Q3001
43499
47999
55899
67218
19296
20555
41019
55860
55920
31643
57155
77424
77469
77385
77301
77338
77520
61796
63620
61800
77432
77435
S8030
77371
77373
77402
77295
77387
77470
77370
97161
97162
97163
97164
97542
97755
97760
97761
97763
97032
97033
97034
97035
97036
97010
97012
97014
97016
97018
97022
97024
97026
97028
G0283
97110
97112
97113
97116
97124
97140
97530
97533
97535
97537
94667
94668
97150
97750
S8950
S8990
97165
97166
97167
97168
97763
97533
92521
92522
92523
92610
92611
92626
92627
S9152
V5362
V5363
V5364
92507
92508
92524
92526
92630
92633
23105
23107
23120
23130
23410
23412
23415
23420
23430
23440
23450
23455
23460
23462
23465
23466
23470
23472
23473
23474
23700
27120
27122
27125
27130
27132
27134
27137
27138
27331
27332
27333
27334
27335
27403
27405
27407
27409
27412
27415
27416
27427
27428
27429
27437
27438
27440
27441
27442
27443
27445
27446
27447
27486
27487
27488
29805
29806
29807
29819
29820
29821
29822
29823
29824
29825
29826
29827
29828
29860
29861
29862
29863
29866
29867
29868
29870
29871
29873
29874
29875
29876
29877
29879
29880
29881
29882
29883
29884
29885
29886
29887
29888
29889
29892
29914
29915
29916
G0289
J7330
S2112
23700
22526
22527
27096
62263
62264
62280
62281
62282
62287
62320
62321
62322
62323
63650
63655
63663
63664
63685
63688
64479
64480
64483
64484
64490
64491
64492
64493
64494
64495
64510
64520
64625
64633
64634
64635
64636
64640
0213T
0214T
0215T
0216T
0217T
0218T
0228T
0229T
0230T
0231T
G0260
20930
20931
20932
20933
20934
20936
20937
20938
20939
20974
22206
22207
22208
22210
22212
22214
22216
22220
22222
22224
22226
22510
22511
22512
22513
22514
22515
22526
22527
22532
22533
22534
22548
22551
22552
22554
22556
22558
22585
22586
22590
22595
22600
22610
22612
22614
22630
22632
22633
22634
22800
22802
22804
22808
22810
22812
22818
22819
22830
22840
22841
22842
22843
22844
22845
22846
22847
22848
22849
22852
22853
22854
22855
22856
22857
22858
22859
22861
22862
22864
22865
22867
22868
22869
22870
27279
62287
62380
63001
63003
63005
63012
63015
63016
63017
63020
63030
63035
63040
63042
63043
63044
63045
63046
63047
63048
63050
63051
63055
63056
63057
63075
63076
63081
63082
63085
63086
63087
63088
63090
63091
63101
63102
63103
63180
63182
63185
63190
63191
63194
63196
63198
63200
63250
63252
63265
63267
63270
63272
63275
63277
63280
63282
63285
63287
63290
63300
63301
63302
63303
63304
63305
63306
63307
63308
0095T
0098T
0163T
0164T
0165T
C9359
C9362
E0748
