0195T
92508
61864
63277
C1820  
0196T
97012
61867
63282
L8679  
0281T
97014 
61868   
63287
C1891  
0282T
97010
61870
63290
C2626  
0283T
92618
61875
63650 
E0782  
0284T   
97004
61885
63655
E0783
0285T
97002
61886
63685
L8680  
0309T 
22552
62310
64479   
L8682   
22520
22554
62311
64480
L8685   
22521
22590
62318 
64483
L8686   
22522
22595   
62319
64484
L8687   
22523
22600
62350
64490
L8688   
22524
22612
62351
64491
S2360  
22525
22614
62360
64492
61850   
22533
64550 
62361
64493
61860   
22534
64555
62362   
64494
61863   
22558
63020
63005
64495 
64580   
22585
63081
63012
64553
22514   
22586   
63082
63017
64555
22515   
22612 
63085
63030
64561
63252   
22630
63087
63035   
64566   
63267   
22632
63091
63042 
64568
63272   
22633
63650
63044
64569
64636   
22634   
63661   
63047
64575
C1772  
22856
63662
63048
64581
C1816  
22857
63664
63056
64590   
22861   
63685
63057 
64595
22862
63688
63185
64633
22864
64565
63190
64634
64570
63200   
64635   
22865 
92507   
97039   
92508   
97110   
97002   
97112   
97004   
97113   
97010   
97116   
97012   
97124   
97014   
97140   
97016   
97150   
97018   
97530   
97022   
97532   
97024   
97537   
97026
97542    
97028   
97750   
97032
97755   
97033
97760   
97034
97761   
97035
22520   
97036   
22521   
G0151 
22522   
G0152   
22523 
G0153
22534   
G0159
22548   
G0160
22551  
G0161
G0283