218909301
219134601
222692601
226965001
500355355
500504144
513877506
521819499
521819933
524983008
710871157
710906252
711009911
711010000
711064444
711068661
711070881
711315835
711371765
711379507
711400549
711573009
712250160
712604644
712620064
712666579
712678479
712832847
712914251
713176308
713248831
713454007
713507385
713930127
714306394
714421501
714630366
715037895
715075603
715084448
715472738
716412381
717099355
717391376
717774387
717774388
718058651
718233521
718240992
718341713
718588641
718591033
719153416
720022500
720054408
720054414
865077009
865123081
865284716
875374244
875497181
875639971
D59926603